124
482
0
604
3
740
0
876
1
1021
2
1167
0
1284
3
1414
2
1557
1
1678
2
1807
2
1937
0
2023
2
2217
3
2339
0
2476
1
2612
2
2742
0
2881
1
3014
3
3082
3
3123
0
3153
3
3284
0
3346
2
3414
1
3551
3
3678
0
3815
1
3946
2
4078
0
4204
3
4329
3
4392
0
4456
1
4515
2
4551
3
4582
0
4642
2
4698
1
4812
0
4934
3
5053
3
5173
1
5295
0
5418
3
5481
0
5514
1
5542
2
5601
4
5657
0
5775
1
5892
2
6018
0
6082
1
6140
3
6251
0
6379
5
6453
1
6501
3
6560
0
6620
2
6745
1
6803
3
6865
0
6979
2
7101
3
7220
0
7342
2
7456
0
7575
3
7639
5
7696
0
7815
1
7937
0
8054
1
8115
3
8178
0
8239
0
8267
1
8300
2
8364
0
8421
3
8539
0
8657
5
8776
0
8892
3
9015
0
9079
2
9137
1
9259
3
9378
0
9503
2
9565
1
9623
3
9735
0
9798
3
9856
3
9976
2
10045
1
10106
0
10160
3
10223
1
10281
2
10345
2
10376
0
10409
1
10467
3
10531
0
10585
2
10643
1
10706
3
10823
0
10882
2
10940
1
11060
2
11178
2
11240
1
11417
3
11485
0
11659
0
11721
1
11835
2
11893
0
