298
389
0
504
1
629
2
745
3
865
0
981
1
1092
2
1226
3
1346
1
1378
0
1465
3
1586
2
1709
0
1834
2
1950
1
2068
3
2186
0
2217
1
2251
2
2311
3
2371
0
2431
2
2489
1
2550
3
2612
0
2667
1
2731
2
2792
3
2853
0
2911
2
2971
0
3029
1
3142
3
3264
1
3384
2
3501
0
3626
3
3751
0
3868
1
3900
2
3929
3
3990
4
4051
0
4112
1
4167
2
4225
3
4286
0
4314
2
4346
1
4406
2
4468
3
4529
0
4590
1
4648
2
4712
3
4770
0
4828
3
4892
0
4951
2
4978
3
5009
1
5071
2
5120
0
5190
1
5257
3
5311
0
5375
1
5503
3
5596
2
5839
3
5907
0
5973
0
6001
3
6031
1
6137
2
6211
3
6240
0
6271
2
6389
3
6462
1
6687
2
6753
3
6812
0
6875
1
6931
2
6959
3
6993
0
7109
2
7171
3
7203
1
7232
2
7353
3
7465
5
7586
0
7711
1
7776
2
7831
3
7857
0
7900
1
8009
2
8081
3
8136
0
8371
1
8432
2
8493
3
8612
0
8732
1
8759
2
8778
3
8790
0
8853
2
8912
0
8973
1
9028
3
9093
1
9151
2
9211
0
9271
0
9392
1
9514
2
9631
3
9696
0
9759
1
9814
1
9936
2
10054
3
10170
3
10289
2
10412
1
10531
0
10646
0
10768
2
10798
1
10832
3
10890
2
11009
1
11037
0
11070
1
11131
2
11250
3
11314
0
11367
1
11490
2
11551
3
11615
2
11728
3
11790
0
11853
1
11912
2
11975
3
12034
0
12096
1
12204
1
12271
2
12331
3
12448
0
12509
1
12690
2
12721
3
12750
0
12901
1
12929
2
12961
3
12990
0
13159
1
13225
2
13292
3
13354
0
13412
1
13475
2
13531
3
13595
0
13650
2
13678
3
13707
1
13829
3
13892
1
13920
2
13950
0
14070
1
14190
2
14314
3
14426
0
14489
1
14553
2
14609
3
14796
0
14909
1
14976
2
15032
3
15090
0
15217
1
15334
2
15390
3
15446
2
15514
1
15571
2
15817
3
15879
0
15940
1
16064
1
16182
2
16300
3
16361
0
16418
1
16451
2
16484
3
16645
0
16676
1
16709
2
16773
3
16836
0
16845
1
16884
2
17009
3
17071
0
17132
2
17190
1
17253
2
17312
0
17353
3
17418
0
17489
1
17518
2
17551
3
17607
4
17731
5
17793
0
17842
1
17968
2
18031
3
18098
0
18243
1
18270
2
18365
1
18392
2
18448
0
18507
1
18564
2
18631
3
18692
0
18745
1
18793
3
18928
2
18990
1
19050
0
19171
3
19236
2
19351
2
19470
3
19540
0
19587
1
19650
2
19703
3
19748
0
19889
1
19950
0
20017
2
20164
3
20190
1
20276
0
20306
3
20434
0
20495
1
20609
2
20637
3
20668
0
20784
2
20850
1
20879
0
20912
1
21089
2
21148
3
21212
0
21268
0
21329
0
21393
1
21451
2
21507
3
21568
0
21601
1
21631
2
21809
2
21842
3
21870
0
21925
2
22043
2
22107
2
22173
3
22232
1
22289
0
22350
1
22414
2
22440
3
22471
0
22526
1
22559
2
22589
3
