250
326
0
459
1
689
2
742
0
798
1
909
2
965
3
1023
0
1132
1
1246
2
1361
3
1471
0
1515
1
1637
2
1745
3
1864
2
1920
0
1975
1
2086
0
2196
1
2315
2
2370
3
2484
0
2704
4
2815
0
2932
1
2987
2
3104
0
3206
1
3317
2
3434
0
3489
1
3603
2
3714
3
3770
2
3887
0
3995
1
4107
2
4221
4
4271
0
4326
1
4417
2
4443
0
4471
1
4501
2
4670
3
4768
0
4814
1
4839
0
4864
2
4890
3
4986
3
5031
2
5057
0
5084
1
5112
0
5167
1
5290
2
5396
3
5500
0
5536
1
5612
2
5729
3
5842
0
5957
1
6012
2
6129
3
6292
0
6400
4
6457
5
6576
0
6682
1
6745
2
6845
3
6896
0
6940
1
7004
2
7043
0
7075
1
7123
2
7226
0
7268
1
7307
2
7346
3
7389
2
7425
1
7473
0
7531
1
7648
0
7748
2
7856
3
7973
0
8015
1
8137
2
8200
3
8309
0
8368
1
8426
2
8482
0
8539
1
8651
2
8756
3
8875
0
8986
1
9042
3
9095
2
9153
1
9211
0
9268
2
9321
0
9348
3
9398
1
9492
2
9601
0
9712
1
9821
2
9936
3
9993
0
10050
1
10167
2
10279
0
10386
3
10493
2
10611
1
10667
0
10715
4
10782
0
10836
1
10954
2
11057
3
11115
4
11175
0
11226
1
11339
2
11396
3
11451
0
11561
2
11617
3
11725
1
11843
2
11956
0
12011
1
12065
2
12159
3
12261
0
12332
1
12459
2
12518
3
12603
2
12693
3
12796
0
12851
1
12911
3
12967
2
13023
1
13132
0
13186
3
13250
2
13304
1
13361
0
13411
1
13471
2
13526
3
13579
0
13614
1
13642
2
13700
3
13757
0
13814
1
13925
2
14026
3
14086
0
14203
1
14320
2
14425
3
14475
0
14531
1
14645
2
14762
3
14871
0
14926
2
14954
1
14986
0
15043
3
15170
2
15211
1
15273
0
15326
1
15379
2
15406
3
15436
0
15598
1
15628
4
15657
5
15709
0
15937
1
15998
2
16053
0
16104
0
16164
0
16276
1
16331
2
16387
4
16496
0
16556
0
16664
0
16779
1
16890
1
16943
1
17000
0
17059
2
17168
3
17226
2
17286
3
17392
3
17450
2
17564
0
17670
0
17789
1
17846
3
17900
2
18015
1
18126
2
18240
3
18353
2
18409
0
18512
1
18628
2
18739
3
18795
0
18853
1
18906
0
18967
2
19025
3
19082
1
19198
2
19246
1
19354
0
19467
1
19584
2
19695
3
19745
0
19800
0
19865
0
19918
1
19976
1
20031
0
20086
1
20142
2
20196
3
