174
240
0
298
1
432
2
493
0
565
1
598
2
631
2
695
2
764
0
826
1
909
3
926
3
964
3
1032
0
1098
1
1165
2
1187
0
1200
0
1232
1
1303
2
1367
2
1453
2
1465
0
1534
1
1589
1
1601
2
1667
3
1728
0
1745
4
1789
1
1845
2
1928
5
1998
0
2061
1
2129
2
2193
3
2262
0
2306
2
2362
1
2429
3
2461
0
2500
0
2557
0
2600
1
2671
1
2704
2
2720
2
2757
3
2770
3
2807
3
2820
0
2859
1
2871
0
2887
0
2903
1
2934
1
2967
2
2981
2
3023
3
3034
3
3070
0
3082
1
3117
2
3129
2
3143
3
3168
3
3200
0
3229
0
3292
1
3307
1
3348
2
3384
3
3396
0
3411
1
3428
2
3467
3
3501
0
3629
1
3764
2
3901
0
4032
2
4148
3
4211
1
4254
0
4293
0
4365
1
4507
2
4536
3
4571
0
4634
1
4765
2
4793
0
4831
1
4896
2
4962
3
5026
0
5107
1
5237
2
5364
3
5428
0
5484
1
5554
2
5612
3
5729
0
5764
1
5893
2
5965
3
6029
0
6092
3
6161
1
6228
2
6298
0
6375
1
6428
2
6556
3
6698
0
6731
1
6831
2
6865
0
6900
1
6967
2
7026
0
7095
0
7178
1
7193
2
7231
3
7296
2
7365
2
7448
0
7464
1
7496
2
7565
3
7631
3
7720
0
7732
1
7764
0
7829
0
7848
1
7865
2
7898
2
7979
2
7993
1
8032
1
8096
3
8161
0
8229
1
8300
2
8334
3
8365
0
8434
1
8468
2
8503
3
8568
0
8634
1
8700
2
8734
3
8768
0
8834
1
8898
2
8968
3
9004
0
9034
2
9098
1
9361
3
9432
0
9501
0
9562
1
9628
2
9701
3
9731
0
9761
1
9825
4
9896
2
9964
5
