354
351
0
414
0
481
0
548
1
614
1
675
2
861
2
987
3
1107
3
1139
0
1231
1
1306
2
1367
3
1429
1
1493
0
1553
2
1617
3
1651
1
1734
0
1803
1
1871
2
1934
3
1996
0
2061
1
2121
2
2156
3
2245
3
2311
2
2375
1
2434
0
2501
1
2565
2
2626
3
2661
0
2750
1
2817
2
2881
3
2946
1
3004
0
3070
2
3134
3
3165
0
3201
1
3262
2
3296
3
3392
2
3421
1
3454
3
3514
0
3576
1
3640
2
3671
3
3704
0
3764
1
3828
2
3890
3
3928
4
3956
0
4018
1
4079
2
4143
2
4209
3
4270
0
4332
1
4398
2
4459
1
4525
0
4586
3
4775
1
4806
2
4839
0
4870
3
5018
1
5054
2
5089
0
5120
1
5164
2
5282
3
5409
0
5473
1
5531
2
5664
3
5787
5
5817
0
5853
1
5884
2
6039
3
6070
2
6101
3
6134
2
6168
1
6279
0
6420
1
6540
2
6601
3
6668
0
6789
2
6925
3
7051
1
7082
2
7114
0
7175
1
7242
2
7304
3
7367
0
7431
2
7493
1
7556
3
7618
0
7679
1
7743
2
7811
3
7873
0
7934
2
7998
3
8061
1
8125
0
8187
2
8218
3
8309
1
8379
0
8442
1
8506
2
8568
3
8695
0
8723
1
8814
2
8878
3
8943
0
9006
2
9071
3
9134
1
9264
2
9325
3
9356
0
9386
1
9415
2
9504
3
9573
0
9606
2
9634
1
9667
3
9768
3
9826
0
9857
1
9890
2
9921
0
10078
1
10111
2
10145
3
10175
2
10273
0
10404
1
10461
3
10521
1
10586
2
10645
3
10840
0
10870
1
10903
2
10934
3
11093
0
11123
1
11154
2
11187
3
11286
0
11407
1
11467
2
11532
3
11596
2
11659
1
11790
3
11850
0
11881
1
11912
2
11943
3
12042
0
12100
1
12131
2
12159
0
12193
2
12229
2
12290
3
12353
1
12417
0
12481
0
12543
1
12606
2
12636
3
12668
3
12698
2
12731
1
12795
0
12864
3
12928
1
12987
2
13048
3
13109
0
13139
0
13170
1
13203
2
13234
2
13301
1
13368
2
13429
3
13489
0
13614
1
13648
2
13679
3
13743
3
13868
2
13992
1
14120
2
14179
0
14248
1
14379
3
14503
0
14632
1
14696
2
14756
2
14887
0
14959
2
15132
3
15264
1
15384
2
15428
3
15576
0
15704
1
15765
2
15828
3
15948
0
16076
1
16111
2
16140
3
16173
2
16206
3
16270
3
16420
2
16528
1
16556
1
16586
0
16615
0
16650
1
16679
2
16711
2
16776
3
16843
1
16929
2
16961
3
17036
0
17095
1
17125
2
17157
3
17187
0
17218
0
17248
1
17279
2
17398
3
17471
3
17537
2
17595
1
17657
0
17720
0
17787
1
17818
1
17853
2
17911
3
17973
0
18032
1
18101
2
18162
2
18226
3
18295
0
18482
1
18543
2
18607
3
18665
0
18701
0
18732
1
18762
2
18846
3
18921
0
18953
3
18986
3
19015
0
19092
0
19176
1
19206
2
19239
2
19270
2
19300
1
19362
1
19431
0
19493
0
19556
1
19587
2
19618
3
19682
0
19746
2
19809
3
19875
0
19939
1
19968
2
20000
3
20029
1
20117
1
20187
2
20218
0
20250
1
20279
2
20312
3
20375
0
20437
1
20501
2
20564
3
20629
2
20689
2
20720
1
20754
1
20782
2
20814
2
20875
3
20940
0
21003
1
21071
2
21136
3
21195
0
21228
1
21259
2
21290
3
21325
0
21387
1
21448
2
21512
3
21579
1
21609
1
21642
0
21673
0
21706
2
21737
2
21765
3
21826
3
21889
0
21978
0
22012
1
22040
2
22075
3
22117
0
22148
1
22181
2
22209
3
22240
2
22270
1
22301
0
