298
295
0
384
1
487
2
596
3
709
0
814
2
920
1
1025
3
1125
0
1225
2
1329
1
1431
3
1534
0
1642
2
1745
1
1845
0
1946
1
2048
2
2150
3
2257
0
2357
1
2467
2
2564
0
2673
3
2782
1
2878
2
2982
3
3084
0
3189
1
3295
2
3403
3
3501
0
3609
3
3709
1
3812
2
3907
0
4021
3
4123
1
4225
2
4328
0
4436
3
4536
0
4637
2
4736
1
4842
3
4945
0
5056
1
5159
2
5265
3
5317
0
5367
2
5418
1
5471
3
5525
0
5573
1
5623
2
5676
0
5726
0
5781
0
5828
1
5884
1
5932
2
5984
2
6034
3
6089
3
6142
0
6193
1
6245
2
6298
0
6348
3
6404
1
6451
2
6504
0
6553
3
6606
3
6661
3
6711
1
6814
2
6923
0
6971
3
7023
1
7121
2
7225
0
7336
3
7386
1
7432
2
7540
0
7584
3
7640
3
7751
3
7800
0
7848
2
7956
1
8006
3
8057
0
8106
2
8164
1
8215
2
8264
1
8314
3
8365
0
8473
2
8523
1
8571
3
8673
0
8782
2
8832
1
8884
3
8932
2
8982
0
9086
3
9137
0
9195
3
9243
0
9293
1
9407
2
9454
3
9504
0
9556
3
9606
2
9714
1
9815
1
9867
2
9917
0
9970
3
10018
0
10125
3
10176
0
10229
1
10279
2
10332
0
10384
3
10490
1
10540
2
10590
0
10639
3
10751
1
10800
2
10851
3
10953
0
11003
1
11053
2
11109
0
11161
3
11211
0
11264
3
11373
0
11473
2
11525
1
11571
3
11626
0
11675
1
11778
2
11887
1
11936
2
11986
1
12037
2
12090
0
12195
3
12303
0
12351
3
12398
1
12446
2
12501
1
12609
3
12709
0
12761
2
12812
3
12865
0
12918
3
13018
0
13126
2
13179
1
13231
3
13281
0
13332
3
13434
0
13540
3
13590
0
13642
1
13698
2
13748
3
13800
0
13896
1
14001
2
14054
0
14104
3
14157
1
14262
2
14367
3
14468
0
14576
3
14626
3
14732
0
14831
0
14934
3
15040
0
15143
0
15240
1
15346
1
15451
2
15559
2
15604
3
15654
3
15704
0
15759
0
15812
1
15918
2
15971
0
16020
3
16128
1
16229
3
16278
3
16329
1
16428
2
16486
0
16537
3
16642
1
16692
2
16745
3
16846
0
16896
1
16948
2
17000
3
17053
0
17157
1
17264
3
17317
3
17365
2
17420
0
17470
1
17568
2
17678
3
17728
0
17832
1
17934
3
18040
3
18143
1
18192
2
18242
0
18298
1
18401
3
18504
0
18562
2
18607
1
18714
2
18814
3
18920
0
18976
2
19025
1
19071
3
19120
0
19229
2
19331
2
19434
1
19539
3
19640
0
19740
2
19837
1
19953
3
20001
0
20107
3
20212
3
20367
2
20470
1
20578
0
20679
2
20731
1
20781
3
20829
0
20881
3
20931
3
20989
1
21037
2
21090
0
21142
3
21193
1
21245
2
21295
0
21346
0
21403
1
21453
2
21503
3
21556
1
21609
3
21662
0
21714
2
21764
1
21817
3
22025
0
22076
2
22126
2
22176
1
22231
0
22336
1
22387
2
22436
3
22909
5
