320
475
0
592
1
621
2
660
3
862
0
1065
1
1296
2
1321
3
1345
0
1371
1
1398
2
1429
3
1542
0
1593
1
1889
2
1910
3
1935
0
1978
1
2321
2
2373
3
2645
0
2676
1
2710
2
2768
3
2857
0
2890
1
3045
2
3265
3
3421
0
3539
1
3575
2
3614
3
3640
0
3660
1
3684
1
3732
0
3779
2
3831
3
3876
3
3917
2
3956
1
4023
0
4117
0
4210
1
4315
2
4396
0
4434
1
4459
3
4482
2
4506
1
4551
0
4600
2
4646
3
4689
1
4729
0
4803
1
4890
2
4982
3
5032
0
5082
1
5132
2
5159
3
5184
0
5234
1
5268
2
5323
3
5351
1
5379
0
5473
2
5567
3
5656
0
5714
1
5739
3
5764
2
5815
0
5906
1
5957
2
6006
0
6101
1
6148
2
6196
3
6296
0
6348
1
6395
2
6440
3
6465
1
6493
0
6537
2
6585
3
6648
0
6681
0
6729
0
6757
1
6785
1
6831
2
6878
2
6926
3
6973
3
7023
0
7071
1
7117
2
7143
3
7170
3
7218
3
7267
2
7315
2
7339
1
7365
1
7387
0
7412
0
7437
1
7484
2
7551
0
7604
3
7693
1
7742
2
7795
4
7842
5
7889
0
7939
1
8032
2
8081
3
8129
0
8228
2
8282
1
8329
3
8425
0
8473
1
8523
2
8573
3
8625
0
8712
1
8809
2
8854
3
8904
1
9003
0
9053
2
9148
3
9196
0
9246
1
9292
3
9342
2
9385
0
9481
1
9582
1
9629
0
9681
0
9779
0
9804
1
9873
1
9904
2
9975
2
10000
3
10025
3
10114
3
10207
3
10234
1
10301
1
10356
2
10379
2
10407
0
10501
0
10600
1
10650
2
10748
3
10842
0
10892
1
10939
2
10989
3
11039
0
11087
1
11114
2
11137
0
11185
3
11232
1
11326
2
11378
3
11425
0
11473
1
11565
2
11615
0
11667
0
11762
3
11784
2
11812
1
11903
1
11956
2
12003
0
12028
3
12053
3
12078
1
12125
1
12200
2
12251
2
12295
0
12342
0
12387
3
12410
3
12435
1
12460
2
12512
0
12587
0
12632
1
12681
2
12729
3
12776
0
12870
1
12920
2
12968
3
13003
0
13045
1
13070
2
13117
3
13162
1
13260
0
13314
1
13364
2
13398
3
13432
0
13459
2
13504
1
13546
3
13587
4
13657
0
13700
1
13746
2
13781
3
13845
0
13895
0
14032
1
14056
1
14126
2
14178
2
14226
3
14242
3
14298
0
14423
3
14473
2
14570
1
14665
5
14712
0
14810
1
14906
2
14954
0
15054
0
15156
1
15201
2
15250
0
15296
1
15393
2
15443
3
15490
1
15587
0
15682
1
15734
3
15781
2
15828
1
15876
3
15975
2
16021
0
16045
1
16071
3
16120
2
16215
1
16310
0
16357
1
16406
2
16459
3
16556
0
16598
1
16651
2
16735
3
16798
1
16846
0
16893
1
16940
2
16989
3
17035
0
17137
0
17234
1
17281
1
17329
2
17378
2
17423
3
17520
3
17615
2
17665
0
17714
3
17764
1
17810
2
17859
3
17907
0
18004
1
18100
2
18146
3
18193
3
18243
0
18300
0
18346
1
18440
1
18535
2
18584
2
18679
3
18779
0
18828
2
18875
1
18968
0
19017
1
19115
2
19215
3
19314
0
19403
1
19503
2
19596
3
19695
4
19792
5
19892
2
20009
2
20037
0
20082
5
