150
290
0
468
3
528
1
562
2
600
0
670
3
748
1
823
2
896
3
937
0
1010
2
1050
3
1150
3
1193
0
1268
2
1346
1
1418
3
1457
0
1492
2
1564
1
1639
3
1676
0
1717
2
1782
2
1862
0
1935
2
2009
0
2050
1
2085
3
2160
0
2232
1
2342
2
2379
3
2456
0
2493
2
2531
1
2601
3
2640
0
2678
2
2751
1
2825
3
2895
3
2937
4
2975
0
3045
1
3120
2
3198
0
3273
1
3346
3
3420
5
3493
0
3531
2
3568
0
3640
1
3715
3
3751
0
3787
1
3857
2
3937
0
4010
1
4048
2
4085
3
4159
0
4234
3
4306
3
4379
1
4454
2
4526
0
4564
3
4603
1
4676
2
4753
3
4825
0
4860
2
4935
1
5012
5
5085
0
5160
3
5234
1
5343
2
5432
3
5464
0
5492
3
5564
0
5603
1
5639
2
5715
0
5754
3
5787
2
5859
1
5896
2
5932
1
6009
2
6045
0
6082
2
6157
3
6193
0
6231
3
6306
2
6376
1
6454
3
6562
0
6639
3
6712
0
6785
0
6857
1
6901
2
6967
3
7048
0
7120
1
7231
2
7268
0
7340
3
7382
3
7417
0
7492
2
7529
1
7568
2
7640
0
7715
1
7787
3
7859
0
7900
2
7970
1
8048
3
8087
0
8156
3
8229
0
8307
3
8404
0
8451
2
8528
1
8601
0
8678
3
8754
3
8826
4
8898
0
9007
0
9048
3
9120
1
9159
2
9195
3
9268
0
9307
3
9348
3
9418
0
9490
1
9526
3
9567
0
9640
5
