270
262
0
473
3
584
0
668
3
775
2
859
1
962
3
1021
0
1071
1
1171
2
1268
0
1318
2
1367
1
1465
2
1568
0
1668
2
1771
0
1864
3
1965
1
2071
2
2165
3
2267
0
2365
1
2465
2
2514
3
2621
3
2671
2
2775
0
2868
1
2968
3
3021
2
3067
0
3175
1
3270
2
3368
0
3421
1
3467
2
3575
0
3671
3
3768
1
3818
2
3865
2
3968
2
4067
0
4170
2
4221
1
4267
3
4368
0
4468
2
4565
1
4667
3
4767
2
4864
0
4889
3
4946
0
4971
1
5021
3
5045
2
5076
0
5175
3
5265
1
5364
2
5467
0
5568
1
5664
2
5692
2
5748
0
5771
2
5823
3
5848
1
5875
2
5973
0
6068
3
6171
1
6273
2
6373
0
6470
3
6575
0
6620
3
6673
0
6773
2
6867
1
6971
3
7068
0
7171
2
7270
1
7370
3
7423
2
7473
0
7573
3
7671
0
7720
2
7771
1
7873
3
7973
0
8070
2
8120
1
8173
3
8198
0
8225
3
8278
0
8376
3
8471
1
8573
2
8668
3
8776
0
8864
1
8889
2
8946
3
8970
0
9023
2
9045
1
9075
2
9176
2
9268
1
9373
3
9471
0
9573
1
9621
2
9670
3
9695
0
9751
1
9775
2
9823
3
9843
0
9873
1
9976
2
10023
0
10076
2
10162
3
10198
0
10234
3
10276
0
10360
1
10401
2
10431
0
10568
3
10604
1
10637
2
10681
3
10762
0
10870
2
10954
1
11001
3
11039
0
11070
3
11153
2
11206
1
11265
3
11287
0
11367
2
11423
1
11467
3
11575
2
11668
0
11781
1
11881
2
12071
2
12170
3
12275
2
12331
3
12376
0
12431
2
12484
1
12525
4
12571
2
12618
0
12670
1
12767
3
12814
2
12873
0
12923
3
12970
1
13068
2
13118
3
13170
0
13218
2
13271
1
13323
2
13367
3
13421
0
13468
2
13570
1
13671
5
13768
0
13864
1
13914
3
13968
2
14057
0
14168
3
14265
1
14315
2
14367
3
14462
0
14571
3
14668
0
14717
2
14764
1
14860
3
14973
2
15026
0
15075
1
15178
3
15271
2
15325
0
15376
3
15471
3
15553
2
15623
0
15671
1
15775
3
15873
0
15925
2
15973
3
16071
1
16176
2
16270
2
16298
2
16350
0
16378
1
16425
3
16450
0
16478
2
16575
1
16671
3
16721
0
16768
3
16823
0
16870
1
16976
2
17071
0
17123
4
17171
0
17220
3
17268
1
17323
2
17348
0
17400
3
17471
1
17521
2
17667
0
17717
3
17867
3
17923
0
17973
3
18023
0
18071
3
18098
2
18173
1
18228
3
18275
0
18326
3
18378
0
18426
3
18473
0
18554
1
18617
2
18668
0
18776
3
18826
0
18875
5
18948
1
19021
3
19267
0
19339
2
19417
1
19473
2
19521
0
19573
3
19667
4
