299
239
0
325
3
414
2
498
1
520
4
543
5
565
1
640
4
723
3
806
0
895
0
917
1
990
2
1078
3
1164
2
1196
0
1295
0
1379
2
1470
0
1559
0
1584
1
1606
2
1650
3
1735
2
1823
1
1868
3
1915
0
1959
3
2048
1
2135
2
2223
0
2265
3
2307
1
2398
2
2485
0
2576
3
2620
1
2664
2
2751
0
2837
1
2884
2
2929
3
2976
0
2996
2
3020
1
3040
3
3064
4
3153
5
3239
0
3284
1
3328
2
3373
3
3462
0
3548
1
3637
2
3684
0
3728
1
3810
0
3832
1
3900
0
3985
2
4073
3
4167
2
4251
3
4290
2
4337
3
4381
2
4473
0
4515
1
4542
0
4604
1
4692
2
4715
3
4779
0
4870
1
4893
2
4951
3
5042
0
5067
1
5134
2
5221
3
5245
0
5306
1
5396
2
5421
3
5487
0
5529
0
5575
1
5620
0
5667
1
5712
0
5757
1
5778
0
5845
1
5931
2
6018
3
6109
2
6154
2
6237
3
6326
0
6414
1
6457
2
6501
3
6546
0
6635
1
6720
0
6809
2
6896
3
6982
2
7070
0
7095
1
7156
2
7209
0
7253
1
7339
2
7362
3
7428
0
7517
1
7543
2
7604
3
7693
0
7739
1
7784
2
7875
3
7918
0
7957
1
8045
0
8067
2
8132
3
8223
0
8245
1
8317
2
8400
3
8423
0
8490
1
8575
2
8595
3
8665
0
8753
1
8839
2
8928
3
8951
4
9009
5
9104
0
9192
1
9282
2
9303
3
9328
1
9368
0
9457
3
9545
2
9631
0
9678
1
9721
2
9814
3
9901
0
9985
1
10028
3
10073
2
10164
0
10250
1
10335
2
10382
3
10426
0
10517
1
10601
2
10692
3
10737
1
10782
0
10871
3
10953
2
11048
1
11139
0
11185
2
11265
3
11356
1
11403
0
11442
3
11534
2
11579
2
11623
1
11712
3
11756
0
11800
2
11887
1
11934
3
12000
0
12042
1
12101
4
12121
5
12189
0
12276
2
12370
1
12464
3
12545
0
12632
2
12721
1
12840
3
12890
0
12935
2
13010
1
13118
3
13140
0
13189
1
13253
0
13273
1
13298
2
13359
3
13425
0
13446
1
13504
2
13551
3
13609
0
13629
1
13651
2
13673
3
13718
0
13773
1
13868
3
13954
2
14046
0
14092
1
14134
2
14220
3
14309
0
14400
1
14442
3
14484
2
14535
0
14626
1
14714
2
14757
3
14840
0
14932
1
15021
2
15110
3
15154
4
15196
5
15240
5
15326
4
15415
0
15500
0
15543
1
15589
0
15635
2
15721
2
15806
3
15853
2
15946
4
16034
0
16125
1
16167
2
16210
3
16254
5
16300
3
16385
2
16426
1
16453
0
16514
0
16560
2
16656
1
16698
3
16756
0
16804
3
16876
2
16957
1
17043
0
17131
0
17151
1
17220
2
17300
3
17323
1
17393
0
17417
2
17482
3
17575
0
17600
1
17662
3
17754
0
17779
2
17840
1
17925
2
17950
0
18017
3
18106
1
18131
2
18190
0
18268
0
18359
1
18431
2
18454
3
18506
2
18589
3
18637
0
18660
2
18707
1
18915
3
18928
2
18951
4
