195
329
0
467
0
562
1
581
2
598
2
635
2
762
1
810
0
851
3
890
3
929
2
971
1
1010
0
1046
3
1085
1
1121
2
1160
0
1200
3
1239
0
1259
0
1278
1
1296
3
1317
0
1353
1
1393
2
1467
3
1543
0
1584
2
1620
1
1695
1
1773
2
1848
3
1884
0
1923
1
1964
2
2000
0
2076
1
2156
3
2193
0
2232
1
2306
2
2384
3
2457
3
2481
2
2500
1
2518
3
2537
2
2554
3
2571
0
2617
0
2654
1
2692
2
2731
3
2768
2
2807
3
2846
1
2884
0
2921
1
3068
2
3107
3
3148
0
3187
1
3226
3
3303
0
3379
1
3418
2
3454
3
3492
2
3532
1
3609
0
3723
3
3765
2
3804
1
3840
3
3914
1
3992
3
4068
0
4145
2
4182
3
4221
1
4296
2
4337
3
4375
0
4451
1
4487
2
4526
3
4564
1
4601
2
4639
1
4678
3
4717
0
4737
1
4757
2
4812
3
4834
1
4871
0
4895
0
4914
2
5056
3
5118
2
5209
3
5357
1
5448
3
5467
0
5484
2
5521
3
5664
0
5707
0
5746
1
5785
2
5825
3
5864
2
5904
0
5939
3
5978
0
6020
3
6054
1
6131
2
6170
3
6207
1
6245
3
6285
0
6360
3
6435
1
6512
2
6590
3
6667
0
6743
1
6782
2
6820
3
6857
1
6895
0
6976
3
7051
1
7125
2
7200
3
7275
0
7357
0
7393
1
7431
2
7465
3
7506
0
7585
2
7626
3
7664
3
7700
0
7737
1
7773
2
7817
3
7887
0
7931
1
7964
2
8042
3
8117
0
8156
1
8196
3
8234
0
8275
1
8346
3
8426
0
8462
1
8503
2
8542
3
8579
1
8654
2
8732
3
8800
0
8884
1
8957
2
9032
3
9110
0
9189
1
9228
3
9267
0
9343
1
9418
2
9496
3
9534
0
9571
1
9648
3
9721
2
9801
1
9839
3
9878
1
9914
0
9953
3
10010
0
10103
1
10217
2
10256
3
10285
2
10445
1
10457
0
10565
3
10614
2
