449
650
0
684
0
696
1
720
2
765
3
790
0
840
0
875
0
890
1
915
2
962
0
986
3
1039
4
1073
0
1082
0
1107
1
1164
2
1186
3
1234
0
1281
2
1298
0
1350
0
1376
1
1426
1
1475
2
1503
5
1551
0
1578
1
1628
2
1671
0
1693
3
1748
0
1773
3
1817
3
1865
3
1890
1
1942
0
1965
2
2015
4
2115
0
2211
1
2261
2
2286
0
2357
1
2404
2
2450
3
2476
0
2536
1
2557
5
2582
0
2604
1
2626
3
2653
0
2678
2
2703
3
2725
0
2751
4
2942
0
3039
1
3139
2
3231
0
3331
0
3429
0
3525
1
3626
2
3682
3
3725
5
3776
0
3825
1
3917
2
4012
0
4040
3
4112
1
4207
2
4298
3
4359
0
4601
3
4700
1
4796
2
4889
0
4987
3
5045
0
5068
0
5092
1
5115
2
5181
2
5286
0
5379
3
5429
1
5451
3
5475
3
5526
0
5575
2
5629
1
5670
3
5726
0
5771
2
5823
3
5868
1
5915
3
5964
0
6012
2
6061
1
6112
0
6159
4
6211
0
6259
1
6307
2
6354
3
6400
0
6451
2
6693
3
6846
2
6940
0
7037
1
7131
3
7234
0
7329
3
7428
2
7526
1
7621
3
7717
0
7823
1
7915
5
8012
3
8111
2
8161
0
8211
1
8259
3
8407
0
8501
2
8600
1
8698
3
8792
0
8887
2
8990
3
9086
3
9156
0
9187
1
9236
2
9279
0
9334
3
9381
0
9428
3
9473
0
9526
2
9548
1
9575
0
9625
1
9645
0
9671
1
9717
0
9740
3
9767
0
9823
1
9846
4
9870
0
9917
3
9937
0
9964
1
10018
2
10042
0
10067
3
10115
0
10161
5
10209
1
10257
2
10307
0
10331
1
10357
3
10407
0
10456
1
10503
2
10526
0
10551
1
10598
4
10623
0
10648
5
10692
2
10714
0
10739
1
10793
3
10812
0
10836
1
10861
2
10886
4
10909
0
10939
1
10989
3
11034
0
11081
2
11121
0
11173
1
11218
3
11262
0
11282
1
11307
2
11373
2
11425
2
11479
0
11529
1
11550
3
11598
0
11625
2
11676
1
11723
3
11773
0
11795
1
11818
2
11843
3
11868
0
11892
2
11918
1
11943
0
11962
1
11984
3
12011
0
12037
1
12062
2
12087
4
12112
0
12164
1
12211
3
12259
0
12307
0
12336
3
12384
3
12406
2
12457
1
12503
3
12551
0
12604
0
12651
1
12675
3
12700
5
12721
0
12748
1
12771
2
12796
4
12843
0
12892
2
12940
0
12961
3
12987
0
13039
1
13057
2
13087
0
13134
3
13159
4
13184
0
13234
1
13259
5
13284
0
13334
0
13356
5
13381
1
13428
2
13448
4
13476
0
13528
3
13550
0
13575
1
13626
1
13650
2
13673
4
13721
3
13745
5
13768
0
13820
0
13845
0
13868
1
13918
2
13942
0
13968
1
14017
3
14042
0
14065
1
14112
4
14162
2
14214
3
14236
0
14262
0
14311
1
14334
2
14359
3
14456
0
14556
0
14651
0
14742
1
14843
2
14936
1
15034
2
15117
1
15234
2
15329
1
15428
3
15478
4
15501
1
15526
1
15581
2
15601
1
15628
1
15676
3
15700
3
15723
3
15773
0
15796
5
15820
2
15871
1
15893
0
15918
0
15978
2
16015
0
16068
1
16090
3
16115
0
16137
3
16165
0
16187
2
16212
1
16237
0
16261
2
16282
4
16307
0
16336
0
16359
1
16382
2
16404
1
16429
2
16454
3
16479
0
16501
5
16528
1
16554
2
16576
3
16601
0
16625
1
16650
2
16671
2
16696
4
16721
3
16745
0
16768
1
16795
2
16843
1
16890
0
16942
3
16989
1
17039
1
17062
1
17087
2
17134
1
17162
3
17187
5
17242
0
17262
1
17286
2
17334
1
17356
3
17381
0
17436
4
17457
1
17481
2
17528
1
17550
3
17575
1
17626
1
17673
5
17726
2
17771
3
17821
3
17868
4
17917
0
17965
1
18015
5
18039
2
18062
3
18092
3
18115
0
18136
4
18161
1
18189
2
18207
1
18231
3
18256
0
18301
1
18348
2
18403
0
18453
1
18503
3
18551
5
18600
0
18648
0
18696
0
18745
1
18795
2
18843
5
18895
3
18940
0
18989
0
19012
1
19039
2
19087
1
19109
3
19136
1
19232
4
19284
0
19307
0
19334
1
19381
2
19406
1
19432
2
19454
1
19479
3
19504
0
19529
5
19576
0
19625
0
19673
0
19695
1
19720
2
19775
1
19801
2
19814
4
19875
3
19893
0
19914
0
19968
5
20014
1
20062
2
20084
1
20107
1
20159
4
20181
2
20206
3
20262
0
20281
0
20306
1
20364
5
20409
0
20459
1
20479
2
20506
3
20556
0
20578
1
20603
2
20650
3
20698
4
20764
5
